homophily around 82
Model, Train_Naive_Bayes, Test_Naive_Bayes, Train_CSV, Test_CVS, Train_Random_Forest, Test_Random_Forest
dgi_singular_graph, 0.7704918032786885, 0.7305825242718447, 1.0, 0.4854368932038835, 1.0, 0.7864077669902912
pca, 0.6349306431273645, 0.6092233009708737, 0.6494325346784363, 0.5631067961165048, 0.9993694829760403, 0.5825242718446602
vgae_singular_graph_kl, 0.5485498108448928, 0.5364077669902912, 1.0, 0.4854368932038835, 0.9993694829760403, 0.7014563106796117
dgi_hetero_graph, 0.5605296343001261, 0.4854368932038835, 1.0, 0.4854368932038835, 0.9993694829760403, 0.4587378640776699
dgi_2_graph, 0.7755359394703657, 0.7742718446601942, 1.0, 0.4854368932038835, 1.0, 0.7694174757281553
dgi_2_graph, 0.8411097099621689, 0.8033980582524272, 1.0, 0.4854368932038835, 1.0, 0.8228155339805825
cncvae, 0.8121059268600253, 0.7912621359223301, 1.0, 0.4854368932038835, 1.0, 0.7669902912621359
dgi_hetero_graph, 0.575031525851198, 0.4854368932038835, 1.0, 0.4854368932038835, 0.9993694829760403, 0.5194174757281553
cncvae, 0.8146279949558638, 0.7888349514563107, 1.0, 0.4854368932038835, 1.0, 0.7305825242718447
cncvae, 0.7566204287515763, 0.6844660194174758, 1.0, 0.4854368932038835, 1.0, 0.7014563106796117
dgi_2_graph, 0.8058007566204287, 0.7864077669902912, 1.0, 0.4854368932038835, 1.0, 0.7694174757281553
dgi_singular_graph, 0.6576292559899117, 0.6116504854368932, 1.0, 0.4854368932038835, 1.0, 0.6577669902912622
dgi_hetero_graph, 0.5378310214375788, 0.4854368932038835, 1.0, 0.4854368932038835, 1.0, 0.5194174757281553
vgae_singular_graph_kl, 0.5807061790668349, 0.5145631067961165, 1.0, 0.4854368932038835, 0.9993694829760403, 0.4830097087378641
cncvae, 0.9066834804539723, 0.6771844660194175, 1.0, 0.4854368932038835, 1.0, 0.7694174757281553
dgi_2_graph, 0.8890290037831021, 0.7330097087378641, 1.0, 0.4854368932038835, 1.0, 0.8616504854368932
dgi_singular_graph, 0.7156368221941992, 0.6771844660194175, 1.0, 0.4854368932038835, 1.0, 0.7087378640776699
dgi_hetero_graph, 0.7194199243379571, 0.4320388349514563, 1.0, 0.4854368932038835, 1.0, 0.4587378640776699
vgae_singular_graph_kl, 0.9401008827238335, 0.5145631067961165, 1.0, 0.7184466019417476, 0.9993694829760403, 0.633495145631068
cncvae, 0.9010088272383354, 0.6820388349514563, 1.0, 0.4854368932038835, 1.0, 0.7548543689320388
dgi_2_graph, 0.9148802017654477, 0.7985436893203883, 1.0, 0.4854368932038835, 1.0, 0.8592233009708737
dgi_singular_graph, 0.9003783102143758, 0.8325242718446602, 1.0, 0.4854368932038835, 1.0, 0.8907766990291263
dgi_hetero_graph, 0.5510718789407314, 0.5218446601941747, 1.0, 0.4854368932038835, 1.0, 0.4975728155339806
vgae_singular_graph_kl, 0.7868852459016393, 0.6771844660194175, 0.9936948297604036, 0.8883495145631068, 0.9993694829760403, 0.6553398058252428
cncvae, 0.9041614123581336, 0.7014563106796117, 1.0, 0.4854368932038835, 1.0, 0.8033980582524272
dgi_2_graph, 0.9293820933165196, 0.8470873786407767, 1.0, 0.4854368932038835, 0.9993694829760403, 0.9199029126213593
dgi_singular_graph, 0.7988650693568726, 0.7111650485436893, 1.0, 0.4854368932038835, 1.0, 0.7548543689320388
dgi_hetero_graph, 0.617906683480454, 0.5145631067961165, 1.0, 0.4854368932038835, 1.0, 0.3883495145631068
vgae_singular_graph_kl, 0.8133669609079445, 0.8106796116504854, 0.9943253467843631, 0.6723300970873787, 1.0, 0.6868932038834952
cncvae, 0.9035308953341741, 0.6844660194174758, 1.0, 0.4854368932038835, 1.0, 0.7402912621359223
dgi_2_graph, 0.9010088272383354, 0.7864077669902912, 1.0, 0.4854368932038835, 1.0, 0.8349514563106796
dgi_singular_graph, 0.7402269861286255, 0.6432038834951457, 1.0, 0.4854368932038835, 1.0, 0.6432038834951457
dgi_hetero_graph, 0.6027742749054225, 0.46359223300970875, 1.0, 0.4854368932038835, 1.0, 0.6237864077669902
vgae_singular_graph_kl, 0.7049180327868853, 0.5121359223300971, 1.0, 0.8009708737864077, 1.0, 0.8179611650485437
cncvae, 0.8902900378310215, 0.6941747572815534, 1.0, 0.4854368932038835, 1.0, 0.7694174757281553
dgi_2_graph, 0.9470365699873896, 0.9393203883495146, 1.0, 0.4854368932038835, 1.0, 0.9393203883495146
dgi_singular_graph, 0.6923076923076923, 0.6237864077669902, 1.0, 0.4854368932038835, 1.0, 0.8349514563106796
dgi_hetero_graph, 0.6809583858764187, 0.5679611650485437, 1.0, 0.4854368932038835, 1.0, 0.5412621359223301
vgae_singular_graph_kl, 0.9117276166456494, 0.5121359223300971, 1.0, 0.35194174757281554, 0.9993694829760403, 0.7451456310679612
cncvae, 0.9218158890290038, 0.691747572815534, 1.0, 0.4854368932038835, 1.0, 0.75
dgi_2_graph, 0.926860025220681, 0.8689320388349514, 1.0, 0.4854368932038835, 1.0, 0.8932038834951457
dgi_singular_graph, 0.8411097099621689, 0.7548543689320388, 1.0, 0.4854368932038835, 1.0, 0.7475728155339806
dgi_hetero_graph, 0.5397225725094578, 0.5097087378640777, 1.0, 0.4854368932038835, 1.0, 0.616504854368932
vgae_singular_graph_kl, 0.924968474148802, 0.5509708737864077, 1.0, 0.7645631067961165, 0.9993694829760403, 0.5194174757281553
cncvae, 0.8991172761664565, 0.6577669902912622, 1.0, 0.4854368932038835, 1.0, 0.7475728155339806
dgi_2_graph, 0.9331651954602774, 0.883495145631068, 1.0, 0.4854368932038835, 1.0, 0.8883495145631068
dgi_singular_graph, 0.8121059268600253, 0.7038834951456311, 1.0, 0.4854368932038835, 1.0, 0.7354368932038835
dgi_hetero_graph, 0.5554854981084489, 0.5169902912621359, 1.0, 0.4854368932038835, 1.0, 0.48058252427184467
vgae_singular_graph_kl, 0.937578814627995, 0.7597087378640777, 1.0, 0.6019417475728155, 1.0, 0.5388349514563107
cncvae, 0.9022698612862547, 0.6796116504854369, 1.0, 0.4854368932038835, 1.0, 0.7135922330097088
dgi_2_graph, 0.862547288776797, 0.7961165048543689, 1.0, 0.4854368932038835, 1.0, 0.8616504854368932
dgi_singular_graph, 0.7200504413619168, 0.633495145631068, 1.0, 0.4854368932038835, 1.0, 0.6990291262135923
dgi_hetero_graph, 0.5466582597730139, 0.4854368932038835, 1.0, 0.4854368932038835, 1.0, 0.4223300970873786
vgae_singular_graph_kl, 0.5378310214375788, 0.558252427184466, 1.0, 0.4854368932038835, 1.0, 0.6359223300970874
cncvae, 0.9016393442622951, 0.6771844660194175, 1.0, 0.4854368932038835, 1.0, 0.7742718446601942
dgi_2_graph, 0.9255989911727617, 0.8228155339805825, 1.0, 0.4854368932038835, 1.0, 0.8907766990291263
dgi_singular_graph, 0.8764186633039092, 0.8131067961165048, 1.0, 0.4854368932038835, 1.0, 0.8689320388349514
dgi_hetero_graph, 0.5491803278688525, 0.49271844660194175, 1.0, 0.4854368932038835, 1.0, 0.38106796116504854
vgae_singular_graph_kl, 0.9218158890290038, 0.7233009708737864, 0.9993694829760403, 0.7669902912621359, 0.9993694829760403, 0.9514563106796117
cncvae, 0.8997477931904161, 0.6771844660194175, 1.0, 0.4854368932038835, 1.0, 0.7427184466019418
dgi_2_graph, 0.955233291298865, 0.9053398058252428, 1.0, 0.4854368932038835, 1.0, 0.9368932038834952
dgi_singular_graph, 0.7805800756620429, 0.7451456310679612, 1.0, 0.4854368932038835, 1.0, 0.7888349514563107
dgi_hetero_graph, 0.6456494325346784, 0.4441747572815534, 1.0, 0.4854368932038835, 1.0, 0.5315533980582524
vgae_singular_graph_kl, 0.8745271122320303, 0.5145631067961165, 1.0, 0.837378640776699, 0.9993694829760403, 0.5485436893203883
dgi_1_graph_1, 0.8486759142496847, 0.7354368932038835, 0.9161412358133669, 0.6116504854368932, 1.0, 0.7936893203883495
dgi_1_graph_2, 0.7994955863808323, 0.7184466019417476, 0.8883984867591425, 0.7985436893203883, 1.0, 0.7233009708737864
cncvae, 0.914249684741488, 0.6893203883495146, 0.9274905422446406, 0.837378640776699, 1.0, 0.7402912621359223
dgi_2_graph, 0.926860025220681, 0.7912621359223301, 0.9464060529634301, 0.6140776699029126, 1.0, 0.9004854368932039
dgi_singular_graph, 0.7301387137452712, 0.7038834951456311, 0.8486759142496847, 0.808252427184466, 1.0, 0.7184466019417476
dgi_hetero_graph, 0.5384615384615384, 0.48058252427184467, 0.8883984867591425, 0.6067961165048543, 1.0, 0.44660194174757284

Homophily around 70%
dgi_1_graph_1, 0.7219419924337958, 0.662621359223301, 0.8940731399747793, 0.6456310679611651, 1.0, 0.7912621359223301
dgi_1_graph_2, 0.832282471626734, 0.7597087378640777, 0.8833543505674654, 0.8300970873786407, 1.0, 0.779126213592233
dgi_2_graph, 0.8707440100882724, 0.7839805825242718, 0.937578814627995, 0.8737864077669902, 1.0, 0.8446601941747572
dgi_singular_graph, 0.7648171500630517, 0.7233009708737864, 0.8221941992433796, 0.7815533980582524, 1.0, 0.7257281553398058
Concatenate and linear over
dgi_2_graph, 0.5561160151324086, 0.5558252427184466, 0.6153846153846154, 0.5898058252427184, 0.9867591424968474, 0.5266990291262136
more learning time
dgi_2_graph, 0.5441361916771753, 0.5048543689320388, 0.7389659520807061, 0.6699029126213593, 0.9987389659520807, 0.5898058252427184
dgi_2_graph, 0.5933165195460277, 0.5364077669902912, 0.8076923076923077, 0.6432038834951457, 0.9993694829760403, 0.7063106796116505
dgi_hetero_graph, 0.6153846153846154, 0.5145631067961165, 0.8020176544766708, 0.5048543689320388, 1.0, 0.4854368932038835
dgi_hetero_graph, 0.712484237074401, 0.7087378640776699, 1.0, 0.4854368932038835, 1.0, 0.6019417475728155
dgi_hetero_graph, 0.5088272383354351, 0.47572815533980584, 1.0, 0.4854368932038835, 1.0, 0.5072815533980582

what I have changed here was add a suplmetary conv layer in Encoder Hetero
Double Layered encoder, week homophily and strong homophily
dgi_hetero_graph, 0.8215636822194199, 0.8058252427184466, 0.9419924337957125, 0.9393203883495146, 1.0, 0.9320388349514563
almost equal homopilies one 73 and the other 65
dgi_hetero_graph, 0.8083228247162674, 0.808252427184466, 0.9382093316519546, 0.9199029126213593, 1.0, 0.8786407766990292
dgi_hetero_graph, 0.8083228247162674, 0.808252427184466, 0.9382093316519546, 0.9199029126213593, 1.0, 0.8786407766990292
dgi_hetero_graph, 0.9186633039092056, 0.9029126213592233, 0.9735182849936949, 0.9466019417475728, 1.0, 0.941747572815534
dgi_hetero_graph, 0.9186633039092056, 0.9029126213592233, 0.9735182849936949, 0.9466019417475728, 1.0, 0.941747572815534
dgi_hetero_graph, 0.9186633039092056, 0.9029126213592233, 0.9735182849936949, 0.9466019417475728, 1.0, 0.941747572815534
dgi_hetero_graph, 0.9186633039092056, 0.9029126213592233, 0.9735182849936949, 0.9466019417475728, 1.0, 0.941747572815534
dgi_hetero_graph, 0.9186633039092056, 0.9029126213592233, 0.9735182849936949, 0.9466019417475728, 1.0, 0.941747572815534