fold=2
dgi_2_graph, 0.6243686868686869, 0.6439393939393939, 0.6957070707070707, 0.696969696969697, 0.9987373737373737, 0.6868686868686869
dgi_2_graph, 2,1.0,0.5858585858585859, 0.601010101010101, 0.6957070707070707, 0.696969696969697, 0.9993686868686869, 0.6742424242424242
dgi_2_graph, 2,0.9,0.6199494949494949, 0.6212121212121212, 0.6957070707070707, 0.696969696969697, 0.9993686868686869, 0.6843434343434344
fold=1
dgi_2_graph, 1,0.9,0.6571969696969697, 0.6616161616161617, 0.6957070707070707, 0.696969696969697, 1.0, 0.6893939393939394
dgi_2_graph, 1,0.9,0.6477272727272727, 0.6035353535353535, 0.6957070707070707, 0.696969696969697, 1.0, 0.6717171717171717
2000 epochs
dgi_2_graph, 1,0.9,0.6433080808080808, 0.5959595959595959, 0.6957070707070707, 0.696969696969697, 1.0, 0.702020202020202
dgi_2_graph, 1,0.9,0.6224747474747475, 0.6792929292929293, 0.6957070707070707, 0.696969696969697, 1.0, 0.6994949494949495
dgi_2_graph, 2,0.8,0.6041666666666666, 0.5984848484848485, 0.6957070707070707, 0.696969696969697, 0.9993686868686869, 0.6843434343434344
dgi_2_graph, 1,1.1,0.6641414141414141, 0.5984848484848485, 0.6957070707070707, 0.696969696969697, 0.9993686868686869, 0.6641414141414141
dgi_2_graph, 1,1.1,0.6811868686868687, 0.6565656565656566, 0.6957070707070707, 0.696969696969697, 0.9993686868686869, 0.6691919191919192
CNA+mRNA
dgi_2_graph, 1,1.1,0.42487373737373735, 0.43686868686868685, 0.6957070707070707, 0.696969696969697, 0.9993686868686869, 0.6338383838383839
dgi_2_graph, 2,1.3,0.4551767676767677, 0.4621212121212121, 0.6957070707070707, 0.696969696969697, 1.0, 0.6641414141414141
dgi_2_graph, 2,1.5,0.45391414141414144, 0.4621212121212121, 0.6957070707070707, 0.696969696969697, 1.0, 0.6843434343434344
dgi_2_graph, 2,1.5,0.4917929292929293, 0.5681818181818182, 0.6957070707070707, 0.696969696969697, 1.0, 0.6717171717171717
dgi_2_graph, 1,1.0,0.5366161616161617, 0.5631313131313131, 0.6957070707070707, 0.696969696969697, 1.0, 0.6616161616161617
dgi_2_graph, 1,1.0,0.4652777777777778, 0.5353535353535354, 0.6957070707070707, 0.696969696969697, 1.0, 0.6616161616161617
vgae_singular_graph_kl, 1,1.0,0.6300505050505051, 0.6818181818181818, 0.6957070707070707, 0.696969696969697, 1.0, 0.6540404040404041
dgi_2_graph, CNA+mRNA,DR,3,1,1.0,0.45580808080808083, 0.5151515151515151, 0.6957070707070707, 0.696969696969697, 1.0, 0.6818181818181818,0.7768133878707886,0.8090277910232544,0.8289963006973267,0.816919207572937
vgae_singular_graph, CNA+mRNA, DR, 3, 1, 1.0, kl,0.7064393939393939, 0.702020202020202, 0.6957070707070707, 0.696969696969697, 1.0, 0.6893939393939394, 0.8071338534355164, 0.816919207572937
vgae_2_graph, CNA+mRNA, DR, 1, 4, 0.9, mmd,0.7171717171717171, 0.6515151515151515, 0.6957070707070707, 0.696969696969697, 1.0, 0.6944444444444444, 0.6796929240226746, 0.673551619052887
vgae_2_graph, CNA+mRNA, DR, 1, 6, 0.9, mmd,0.7266414141414141, 0.6161616161616161, 0.6957070707070707, 0.696969696969697, 1.0, 0.6843434343434344, 0.6597065925598145, 0.6599423885345459
vgae_2_graph, CNA+mRNA, PAM, 1, 4, 0.9, mmd,0.5063131313131313, 0.2828282828282828, 0.4772727272727273, 0.31313131313131315, 1.0, 0.35858585858585856, 0.47677069902420044, 0.43930816650390625